image_width: 2064
image_height: 1544
camera_name: 50-0503433255
camera_matrix:
  rows: 3
  cols: 3
  data: [2396.505175, 0.000000, 1032.000000, 0.000000, 2396.505175, 772.000000, 0.000000, 0.000000, 1.000000]
distortion_model: plumb_bob
distortion_coefficients:
  rows: 1
  cols: 5
  data: [-0.122888, 0.141964, 0.001235, -0.000339, 0.000000]
rectification_matrix:
  rows: 3
  cols: 3
  data: [1.000000, 0.000000, 0.000000, 0.000000, 1.000000, 0.000000, 0.000000, 0.000000, 1.000000]
projection_matrix:
  rows: 3
  cols: 4
  data: [2352.425537, 0.000000, 1031.517746, 0.000000, 0.000000, 2369.061279, 772.961847, 0.000000, 0.000000, 0.000000, 1.000000, 0.000000]